-3 -3 -3 -3 -3 -3 -3 -3 -3 -3 -3 -3 #
-3 -1 -1 -1 -1 -1 -1 -1 -1 -1 -1 -3 #
-3 -1 00 -1 00 00 00 00 00 00 -1 -3 #
-3 -1 00 -1 -1 -1 00 00 -2 00 -1 -3 #
-3 -1 00 00 00 -5 00 -1 00 00 -1 -3 #
-3 -1 00 00 -1 -1 -1 -1 00 00 -1 -3  x -3 -7 -3 -7 -3 -7 -3 -7 -3 -7 -3 -3 #
-3 -1 00 -1 -1 00 00 00 00 00 -1 -3  x  x -1 -1 -1 -1 -1 -1 -1 -1 -1 -1 -7 #
-3 -1 00 00  x -2 -1 -1 -5 00 -1 -3  x -3 -1 -2 00 00 00 -1 -2 00 00 -1 -3 #
-3 -1 00 00 -1 -5 -1 00 -1 00 -1 -3 -6 -7 -1 00 -5 -1 00 -5 00 -1 00 -1 -7 #
-3 -1 00 00 00 00 00 00 00 00 -4 -4 -4 -4 -4 00 -1 00 00 00 00 -1 00 -1 -3 #
-3 -1 -1 -1 -1 -1 -1 -1 -1 -1 -1 -3 -6 -7 -1 00 -1 -2 00 -1 00 -5 00 -1 -7 #
-3 -3 -3 -3 -3 -3 -3 -3 -3 -3 -3 -3  x -3 -1 00 -1 -1 00 -1 00 -1 00 -1 -3 #
 x  x  x  x  x  x  x  x  x  x  x  x  x -7 -1 -2 00 -1 00 00 00 -1 00 -1 -7 #
 x  x  x  x  x  x  x  x  x  x  x  x  x -3 -1 -1 -1 -5 00 -1 00 -5 00 -1 -3 #
-3 -1 -1  x -5 -7  x  x -8  x -1 -3  x -7 -1 00 00 00 -2 -1 00 00 -2 -1 -7 #
-1 -9 00 -1 00 00 -2  x 00 00 -9 -1 -6  x -1 -4 -1 -1 -1 -1 -1 -1 -1 -1  x #
-1 00 00 -1 00 00  x  x 00 00 -4 -4 -4 -3 -7 -4 -3 -7 -3 -7 -3 -7 -3 -7 -3 #
-1 00 00 00 00 00  x  x 00 -1 00 -1 -4 -6 -6 -4 -6 #
-1 00 -1 -1 -1 00 00 00 00 -1 00 -1 -4 -4 -4 -4 -6 #
-1 00 -1 -9 -1 00 -1 -1 -1 -1 -1 -1 -6 -6 -6 -6 -6 #
-1 00 -1 00 -1 00 -1 -9 00 00 00 -1 -1 -1 -1 -1 -1 #
-1 00 -1 00 -1 00 -1 00 00 -1 00 00 00 00 00 -9 -1 #
-1 00 00 00 00 00 00 00 00 -1 -1 -1 00 00 -3 00 -1 #
-1 00 -1 00 -1 00 -3 00 00 -1 00 -1 00 00 -1 00 -1 #
-1 00 -1 -1 -1 -1 -1 00 00 -1 00 -1 00 00 -1 00 -1  x  x  x  x  x  x  x  x  x  x  x  x  x  x  x  x  x #
-1 00 00 00 -1 -9 -1 -1 -1 -1 00 -1 00 -1 -1 00 -1 -6 -6 -6 -6 -6 -6 -6 -6 -6 -6 -6 -6 -6 -6 -6 -4 -6 #
-1 00 00 00 -1 00 00 -1 00 -1 00 00 00 00 -1 -4 -4 -4 -4 -4 -4 -4 -4 -4 -4 -4 -4 -4 -4 -4 -4 -4 -4 -6 #
-1 -9 -1 -1 -1 00 00 -1 00 00 00 00 -1 -1 -1 00 -1 -6 -6 -6 -6 -6 -6 -6 -6 -6 -6 -6 -6 -6 -6 -6 -6 -6 #
-1 -9 -9 00 00 00 00 00 00 00 00 00 -1 00 00 00 -1 #
-3 -1 -1 -1 -1 -1 -1 -1 -1 -1 -1 -1 -1 -1 -1 -1 -3 #